5
-82 -67 -1 92 65 
15 99 -95 -48 -31 
0 26 12 98 -66 
-21 34 -100 96 -73 
35 14 -51 82 -15 

8
80 -18 1 50 13 -74 -87 -76 
-15 -36 1 -100 8 73 -71 -90 
-22 86 9 53 -27 86 -75 -7 
-5 -5 37 -10 -63 18 81 -6 
-51 -14 -70 -46 22 -81 -2 -75 
-64 -25 54 93 41 69 -78 -53 
0 41 73 -44 -74 30 43 54 
63 -56 -31 11 79 48 73 -46 

9
32 -45 85 -34 38 91 -82 48 86 
68 14 13 -49 76 16 9 -3 35 
66 -58 78 95 -91 -45 -25 1 -89 
7 2 -22 48 -56 -57 -58 3 -88 
41 81 -20 28 -95 -53 -87 -21 -65 
96 -59 73 -97 -5 45 -1 69 -50 
94 50 -80 -21 -73 -13 71 -6 46 
8 6 21 68 -52 24 32 97 -88 
-91 60 14 -5 -15 62 45 -24 -44 

